              precision    recall  f1-score   support

           A       0.99      0.99      0.99       450
           B       1.00      1.00      1.00       450
           C       1.00      1.00      1.00       450
           D       1.00      0.91      0.95       450
           E       1.00      1.00      1.00       450
           F       1.00      0.98      0.99       450
           G       0.98      1.00      0.99       450
           H       1.00      1.00      1.00       450
           I       0.92      1.00      0.96       450
           J       1.00      0.97      0.98       450
           K       0.97      1.00      0.99       450
           L       1.00      1.00      1.00       450
           M       0.98      0.98      0.98       450
           N       0.98      1.00      0.99       450
           O       0.99      1.00      1.00       450
           P       1.00      1.00      1.00       450
           Q       1.00      1.00      1.00       450
           R       0.98      0.99      0.99       450
           S       0.97      1.00      0.99       450
           T       1.00      0.98      0.99       450
           U       0.98      0.99      0.99       450
           V       1.00      0.97      0.98       450
           W       1.00      0.98      0.99       450
           X       0.99      1.00      0.99       450
           Y       1.00      1.00      1.00       450
           Z       1.00      1.00      1.00       450
         del       1.00      1.00      1.00       450
     nothing       1.00      1.00      1.00       450
       space       1.00      1.00      1.00       450

    accuracy                           0.99     13050
   macro avg       0.99      0.99      0.99     13050
weighted avg       0.99      0.99      0.99     13050
